4.897244262695312500e+01 1.128223991394042969e+01 3.213283061981201172e+00 1.128223991394042969e+01 4.424110031127929688e+01 -9.788416862487792969e+00 3.213283061981201172e+00 -9.788416862487792969e+00 4.210676956176757812e+01
4.039126968383789062e+01 -2.149245738983154297e-01 -2.765571594238281250e+00 -2.149245738983154297e-01 4.720385360717773438e+01 2.161787986755371094e+00 -2.765571594238281250e+00 2.161787986755371094e+00 4.173575210571289062e+01
4.949531173706054688e+01 -4.843372344970703125e+00 1.018393707275390625e+01 -4.843372344970703125e+00 6.068341827392578125e+01 -2.704441070556640625e+00 1.018393707275390625e+01 -2.704441070556640625e+00 5.769042968750000000e+01
4.143220138549804688e+01 2.765997409820556641e+00 2.968928813934326172e+00 2.765997409820556641e+00 5.922996139526367188e+01 -4.120543479919433594e+00 2.968928813934326172e+00 -4.120543479919433594e+00 4.866810226440429688e+01
4.459514999389648438e+01 1.816615462303161621e+00 5.487079918384552002e-02 1.816615462303161621e+00 4.502370071411132812e+01 -7.268148660659790039e-01 5.487079918384552002e-02 -7.268148660659790039e-01 5.387558364868164062e+01
6.660536193847656250e+01 9.731361389160156250e+00 -7.313712835311889648e-01 9.731361389160156250e+00 5.102214813232421875e+01 5.771821975708007812e+00 -7.313712835311889648e-01 5.771821975708007812e+00 5.944300460815429688e+01
5.194013595581054688e+01 8.652759552001953125e+00 -8.507748603820800781e+00 8.652759552001953125e+00 5.118012237548828125e+01 3.502124309539794922e+00 -8.507748603820800781e+00 3.502124309539794922e+00 4.906705093383789062e+01
4.064139175415039062e+01 -6.259736061096191406e+00 -6.273328304290771484e+00 -6.259736061096191406e+00 5.562240600585937500e+01 -5.382423877716064453e+00 -6.273328304290771484e+00 -5.382423877716064453e+00 4.035941696166992188e+01
4.102281188964843750e+01 -1.336863160133361816e+00 3.208182811737060547e+00 -1.336863160133361816e+00 5.429678726196289062e+01 3.370401144027709961e+00 3.208182811737060547e+00 3.370401144027709961e+00 4.340625000000000000e+01
6.020124816894531250e+01 3.886401414871215820e+00 -1.375347042083740234e+01 3.886401414871215820e+00 5.784569549560546875e+01 -9.739714622497558594e+00 -1.375347042083740234e+01 -9.739714622497558594e+00 5.023417282104492188e+01
5.973205566406250000e+01 -1.734170168638229370e-01 4.620477199554443359e+00 -1.734170168638229370e-01 4.033472061157226562e+01 -1.878459215164184570e+00 4.620477199554443359e+00 -1.878459215164184570e+00 4.883810806274414062e+01
5.963097763061523438e+01 5.651818275451660156e+00 1.727232813835144043e+00 5.651818275451660156e+00 4.087261199951171875e+01 -4.354159832000732422e+00 1.727232813835144043e+00 -4.354159832000732422e+00 5.166199111938476562e+01
4.851089096069335938e+01 -1.526004672050476074e+00 1.712754607200622559e+00 -1.526004672050476074e+00 5.998078918457031250e+01 -1.079437541961669922e+01 1.712754607200622559e+00 -1.079437541961669922e+01 4.474414062500000000e+01
5.958460617065429688e+01 9.458433389663696289e-01 2.109833955764770508e+00 9.458433389663696289e-01 6.460462951660156250e+01 1.764947891235351562e+00 2.109833955764770508e+00 1.764947891235351562e+00 5.229376602172851562e+01
4.413127517700195312e+01 2.361177206039428711e+00 1.817358016967773438e+00 2.361177206039428711e+00 3.739173126220703125e+01 1.051117610931396484e+01 1.817358016967773438e+00 1.051117610931396484e+01 5.120949172973632812e+01
5.443685150146484375e+01 -1.768239378929138184e+00 5.424018383026123047e+00 -1.768239378929138184e+00 4.569762420654296875e+01 -4.099015235900878906e+00 5.424018383026123047e+00 -4.099015235900878906e+00 4.890336990356445312e+01
6.792093658447265625e+01 -3.236705541610717773e+00 4.538203716278076172e+00 -3.236705541610717773e+00 5.054039764404296875e+01 1.506650161743164062e+01 4.538203716278076172e+00 1.506650161743164062e+01 6.514614868164062500e+01
4.048034667968750000e+01 3.420791864395141602e+00 1.249437689781188965e+00 3.420791864395141602e+00 6.911428070068359375e+01 8.546360969543457031e+00 1.249437689781188965e+00 8.546360969543457031e+00 5.959535980224609375e+01
3.980187988281250000e+01 -3.489618778228759766e+00 -5.293248176574707031e+00 -3.489618778228759766e+00 5.521867752075195312e+01 2.183256149291992188e+00 -5.293248176574707031e+00 2.183256149291992188e+00 3.892469787597656250e+01
5.498188781738281250e+01 5.683983802795410156e+00 -2.239309549331665039e+00 5.683983802795410156e+00 4.165381622314453125e+01 5.748985290527343750e+00 -2.239309549331665039e+00 5.748985290527343750e+00 5.091827392578125000e+01
4.102001571655273438e+01 -1.708950805664062500e+01 -9.640562057495117188e+00 -1.708950805664062500e+01 4.975905609130859375e+01 2.699597775936126709e-01 -9.640562057495117188e+00 2.699597775936126709e-01 4.079270553588867188e+01
6.016062927246093750e+01 9.969452857971191406e+00 3.369091987609863281e+00 9.969452857971191406e+00 4.837218475341796875e+01 3.673019409179687500e+00 3.369091987609863281e+00 3.673019409179687500e+00 4.390918731689453125e+01
5.212641143798828125e+01 1.305125045776367188e+01 -3.004976749420166016e+00 1.305125045776367188e+01 5.274876022338867188e+01 1.797924518585205078e+00 -3.004976749420166016e+00 1.797924518585205078e+00 3.573072052001953125e+01
6.093000793457031250e+01 -1.188952827453613281e+01 -1.508303046226501465e+00 -1.188952827453613281e+01 5.173295974731445312e+01 -5.930230140686035156e+00 -1.508303046226501465e+00 -5.930230140686035156e+00 4.190900421142578125e+01
5.043287658691406250e+01 -2.477287054061889648e+00 -2.002099275588989258e+00 -2.477287054061889648e+00 4.127473068237304688e+01 -2.547682762145996094e+00 -2.002099275588989258e+00 -2.547682762145996094e+00 4.923349761962890625e+01
4.960620880126953125e+01 1.410009145736694336e+00 5.257328987121582031e+00 1.410009145736694336e+00 4.617962265014648438e+01 5.576380729675292969e+00 5.257328987121582031e+00 5.576380729675292969e+00 4.639690017700195312e+01
5.523422622680664062e+01 -7.181583881378173828e+00 -5.610171318054199219e+00 -7.181583881378173828e+00 4.629364776611328125e+01 5.633840560913085938e-01 -5.610171318054199219e+00 5.633840560913085938e-01 6.359852218627929688e+01
5.414424133300781250e+01 -1.307782292366027832e+00 -1.012645721435546875e+01 -1.307782292366027832e+00 4.241495513916015625e+01 -3.900244712829589844e+00 -1.012645721435546875e+01 -3.900244712829589844e+00 4.754492187500000000e+01
3.921280670166015625e+01 -7.655647397041320801e-01 -9.778227210044860840e-01 -7.655647397041320801e-01 3.466392898559570312e+01 5.877274036407470703e+00 -9.778227210044860840e-01 5.877274036407470703e+00 4.397367477416992188e+01
4.078306961059570312e+01 6.157430648803710938e+00 -2.231446743011474609e+00 6.157430648803710938e+00 5.066980361938476562e+01 1.692542433738708496e+00 -2.231446743011474609e+00 1.692542433738708496e+00 4.619832611083984375e+01
4.596777343750000000e+01 -2.926193177700042725e-01 1.385403990745544434e+00 -2.926193177700042725e-01 4.319810867309570312e+01 -2.420686960220336914e+00 1.385403990745544434e+00 -2.420686960220336914e+00 6.014729690551757812e+01
6.523791503906250000e+01 4.248247623443603516e+00 4.429562091827392578e+00 4.248247623443603516e+00 4.571694564819335938e+01 -3.195295572280883789e+00 4.429562091827392578e+00 -3.195295572280883789e+00 5.595481872558593750e+01
3.526193237304687500e+01 2.409114837646484375e+00 -6.195112228393554688e+00 2.409114837646484375e+00 5.864868927001953125e+01 -8.948180198669433594e+00 -6.195112228393554688e+00 -8.948180198669433594e+00 4.539683914184570312e+01
3.799613571166992188e+01 2.801550626754760742e+00 -1.912063479423522949e+00 2.801550626754760742e+00 4.420198822021484375e+01 -3.016482114791870117e+00 -1.912063479423522949e+00 -3.016482114791870117e+00 4.913002395629882812e+01
4.565053176879882812e+01 -1.204102277755737305e+00 -1.632395386695861816e+00 -1.204102277755737305e+00 5.186680984497070312e+01 4.290195405483245850e-01 -1.632395386695861816e+00 4.290195405483245850e-01 4.499721908569335938e+01
4.984994506835937500e+01 -4.223346710205078125e+00 3.071204662322998047e+00 -4.223346710205078125e+00 2.882165718078613281e+01 9.189085006713867188e+00 3.071204662322998047e+00 9.189085006713867188e+00 5.401468276977539062e+01
6.041796493530273438e+01 2.222458124160766602e+00 -3.298871994018554688e+00 2.222458124160766602e+00 5.095645523071289062e+01 3.691861927509307861e-01 -3.298871994018554688e+00 3.691861927509307861e-01 3.986594772338867188e+01
5.358860778808593750e+01 -9.800508618354797363e-01 -1.475517177581787109e+01 -9.800508618354797363e-01 6.245258331298828125e+01 -3.299644470214843750e+00 -1.475517177581787109e+01 -3.299644470214843750e+00 3.752403640747070312e+01
4.175283050537109375e+01 -3.984848022460937500e+00 3.934892654418945312e+00 -3.984848022460937500e+00 5.057013320922851562e+01 4.168435573577880859e+00 3.934892654418945312e+00 4.168435573577880859e+00 3.922676086425781250e+01
5.371884155273437500e+01 5.365646839141845703e+00 -4.628109931945800781e+00 5.365646839141845703e+00 4.500302505493164062e+01 3.155556201934814453e+00 -4.628109931945800781e+00 3.155556201934814453e+00 5.690925979614257812e+01
5.156790542602539062e+01 1.454739761352539062e+01 1.047902107238769531e+00 1.454739761352539062e+01 5.082455062866210938e+01 -1.798427224159240723e+00 1.047902107238769531e+00 -1.798427224159240723e+00 4.113669967651367188e+01
4.653641891479492188e+01 1.477655410766601562e+00 -2.755136728286743164e+00 1.477655410766601562e+00 5.189712524414062500e+01 4.787068843841552734e+00 -2.755136728286743164e+00 4.787068843841552734e+00 4.621416091918945312e+01
4.149359130859375000e+01 -1.570237994194030762e+00 4.156665802001953125e+00 -1.570237994194030762e+00 3.673617172241210938e+01 -1.793606877326965332e+00 4.156665802001953125e+00 -1.793606877326965332e+00 5.118389511108398438e+01
